26 0.5875 0.97421875 0.76953125 0.04609375
4 0.3 0.96640625 0.03984375 0.02578125
76 0.87421875 0.89453125 0.16171875 0.1203125
64 0.68828125 0.89453125 0.16484375 0.12109375
13 0.49921875 0.89453125 0.16484375 0.11953125
9 0.31171875 0.89375 0.165625 0.11953125
49 0.09609375 0.94375 0.1125 0.08828125
27 0.096875 0.8359375 0.115625 0.059375
82 0.8640625 0.6953125 0.0625 0.046875
57 0.83828125 0.57109375 0.140625 0.06640625
86 0.759375 0.61484375 0.1484375 0.10859375
86 0.23984375 0.6140625 0.14296875 0.1109375
63 0.48671875 0.69765625 0.19375 0.14296875
87 0.90234375 0.425 0.190625 0.0375
87 0.49765625 0.4234375 0.42421875 0.0421875
87 0.09453125 0.42265625 0.1890625 0.0421875
18 0.2390625 0.4203125 0.096875 0.07265625
18 0.75703125 0.4203125 0.09296875 0.071875
30 0.2765625 0.29140625 0.0453125 0.0484375
30 0.72265625 0.30625 0.0546875 0.05
40 0.71328125 0.23359375 0.11484375 0.065625
42 0.23515625 0.20078125 0.1453125 0.11953125
42 0.76015625 0.19609375 0.14765625 0.10390625
39 0.49296875 0.1078125 0.19375 0.18125
92 0.91328125 0.02890625 0.1734375 0.05703125