26 0.58828125 0.9734375 0.77109375 0.04453125
5 0.29921875 0.96640625 0.03046875 0.02421875
48 0.3109375 0.89375 0.1609375 0.11875
15 0.49765625 0.89375 0.1640625 0.12109375
65 0.68671875 0.8921875 0.1609375 0.115625
72 0.87421875 0.89453125 0.16015625 0.1203125
55 0.096875 0.94765625 0.1421875 0.0953125
27 0.09921875 0.83515625 0.1140625 0.0578125
63 0.4828125 0.68828125 0.18125 0.121875
86 0.2328125 0.61640625 0.14609375 0.10546875
86 0.7578125 0.6171875 0.14375 0.10859375
82 0.8015625 0.5453125 0.06328125 0.046875
8 0.59296875 0.4859375 0.04765625 0.04453125
8 0.64609375 0.48671875 0.05078125 0.04453125
75 0.78984375 0.42578125 0.07109375 0.0359375
75 0.7375 0.42890625 0.0578125 0.0328125
75 0.76328125 0.40546875 0.05390625 0.02578125
57 0.79375 0.36953125 0.13671875 0.065625
40 0.725 0.4 0.0859375 0.0390625
42 0.759375 0.203125 0.15078125 0.11875
42 0.2328125 0.203125 0.1703125 0.1171875
39 0.49296875 0.128125 0.1828125 0.134375
92 0.91328125 0.028125 0.1734375 0.05625
87 0.09453125 0.421875 0.1890625 0.0421875
18 0.2375 0.4203125 0.08984375 0.071875
87 0.5 0.42265625 0.42265625 0.03984375
87 0.8984375 0.42265625 0.203125 0.0390625