72 0.3125 0.89375 0.1671875 0.11953125
80 0.496875 0.89453125 0.15703125 0.1203125
77 0.68671875 0.89375 0.16796875 0.1234375
28 0.875 0.88828125 0.159375 0.11328125
55 0.09609375 0.94453125 0.1078125 0.08828125
16 0.24140625 0.5171875 0.37421875 0.17578125
33 0.228125 0.53515625 0.1578125 0.075
45 0.30859375 0.471875 0.0515625 0.02890625
45 0.1765625 0.4734375 0.05078125 0.028125
68 0.753125 0.37421875 0.0796875 0.0625
57 0.77421875 0.31640625 0.17578125 0.0734375
35 0.85234375 0.30859375 0.04375 0.0234375
0 0.29921875 0.9671875 0.04375 0.02421875