26 0.58671875 0.97265625 0.76640625 0.046875
2 0.2984375 0.96796875 0.03203125 0.02421875
48 0.31171875 0.89375 0.165625 0.11875
15 0.49765625 0.89375 0.159375 0.12265625
65 0.6875 0.89453125 0.165625 0.121875
54 0.87421875 0.8953125 0.1640625 0.12109375
81 0.09609375 0.94375 0.10859375 0.08984375
27 0.09921875 0.8359375 0.1140625 0.0609375
86 0.23671875 0.61328125 0.14453125 0.10390625
86 0.7609375 0.6140625 0.14921875 0.0984375
63 0.48828125 0.6875 0.19140625 0.1234375
33 0.75859375 0.38671875 0.15078125 0.090625
8 0.68046875 0.43828125 0.04453125 0.03359375
8 0.72109375 0.42578125 0.03984375 0.03125
82 0.80703125 0.440625 0.0453125 0.03984375
74 0.78046875 0.428125 0.03828125 0.034375
87 0.09609375 0.42421875 0.1921875 0.03984375
87 0.49921875 0.42421875 0.42265625 0.040625
87 0.896875 0.42421875 0.20625 0.0375
18 0.24140625 0.41875 0.09375 0.075
18 0.7578125 0.42109375 0.09296875 0.07578125
92 0.91328125 0.028125 0.1734375 0.05546875
42 0.7609375 0.20234375 0.14609375 0.1171875
42 0.2375 0.20234375 0.1453125 0.11796875
39 0.4953125 0.12734375 0.18046875 0.14296875