9 0.31171875 0.89375 0.16484375 0.1203125
13 0.49765625 0.89453125 0.16484375 0.121875
53 0.6875 0.884375 0.1765625 0.14453125
76 0.875 0.89453125 0.16484375 0.121875
26 0.5875 0.9734375 0.76484375 0.04609375
1 0.2984375 0.96640625 0.05390625 0.0234375
81 0.09609375 0.94453125 0.11015625 0.08671875
27 0.09765625 0.8359375 0.1125 0.06015625
63 0.4859375 0.69609375 0.18515625 0.1421875
86 0.7609375 0.615625 0.14453125 0.10703125
86 0.23828125 0.61484375 0.146875 0.109375
42 0.2375 0.20234375 0.1453125 0.11953125
42 0.75859375 0.20390625 0.1453125 0.11640625
39 0.4921875 0.11015625 0.1875 0.17734375
30 0.54609375 0.0609375 0.04453125 0.03515625
87 0.09921875 0.42265625 0.18828125 0.04140625
87 0.49921875 0.4234375 0.425 0.04296875
87 0.903125 0.4234375 0.19296875 0.040625
18 0.2375 0.41953125 0.09453125 0.07265625
18 0.75703125 0.41953125 0.09296875 0.0734375
92 0.91484375 0.02890625 0.1703125 0.05703125