9 0.31015625 0.89453125 0.16640625 0.1203125
13 0.4984375 0.89453125 0.1625 0.12109375
78 0.684375 0.89453125 0.16484375 0.12109375
76 0.87421875 0.89453125 0.1640625 0.1203125
66 0.096875 0.9453125 0.109375 0.0875
27 0.0984375 0.8359375 0.11484375 0.06015625
63 0.4875 0.69921875 0.18125 0.1421875
86 0.2390625 0.615625 0.153125 0.109375
86 0.75625 0.61484375 0.13984375 0.10625
57 0.85234375 0.690625 0.11953125 0.1125
87 0.0953125 0.42265625 0.190625 0.0421875
87 0.50078125 0.425 0.4234375 0.0421875
87 0.9015625 0.42421875 0.19140625 0.0421875
18 0.23984375 0.4203125 0.09375 0.071875
18 0.75625 0.41953125 0.09296875 0.07109375
42 0.234375 0.20625 0.1453125 0.1140625
42 0.76328125 0.203125 0.14453125 0.11875
30 0.3203125 0.15859375 0.0578125 0.053125
30 0.6859375 0.1765625 0.05703125 0.06171875
40 0.625 0.11171875 0.096875 0.06484375
39 0.4921875 0.1078125 0.18984375 0.17109375
92 0.91171875 0.028125 0.1765625 0.05625
26 0.58671875 0.97421875 0.76796875 0.04453125
5 0.2984375 0.9671875 0.03828125 0.02578125