71 0.87421875 0.8859375 0.1671875 0.14609375
64 0.6875 0.89453125 0.165625 0.121875
13 0.4984375 0.8953125 0.1625 0.12421875
47 0.309375 0.89375 0.17265625 0.12421875
55 0.096875 0.9453125 0.1125 0.090625
26 0.5890625 0.975 0.76875 0.0453125
4 0.2984375 0.96640625 0.03828125 0.025
27 0.0984375 0.8359375 0.115625 0.06015625
86 0.23671875 0.615625 0.14453125 0.109375
86 0.765625 0.61484375 0.14765625 0.1109375
63 0.48671875 0.68671875 0.18828125 0.12265625
8 0.60859375 0.47109375 0.046875 0.03984375
8 0.66484375 0.4765625 0.059375 0.0421875
82 0.796875 0.509375 0.0640625 0.05625
75 0.67890625 0.40078125 0.0609375 0.034375
87 0.096875 0.42265625 0.19375 0.03984375
87 0.496875 0.42265625 0.41796875 0.0390625
87 0.90234375 0.4234375 0.1953125 0.04140625
18 0.23984375 0.41875 0.090625 0.0734375
18 0.75859375 0.41875 0.096875 0.071875
42 0.23671875 0.20234375 0.1421875 0.11875
42 0.7609375 0.203125 0.14453125 0.1171875
39 0.4890625 0.12578125 0.18984375 0.1328125
92 0.91328125 0.02890625 0.17265625 0.05703125