72 0.3109375 0.89453125 0.1625 0.12109375
28 0.49921875 0.88984375 0.16484375 0.115625
77 0.68671875 0.8953125 0.16328125 0.11875
15 0.871875 0.89453125 0.1578125 0.11953125
81 0.09609375 0.94453125 0.11875 0.08984375
45 0.18203125 0.40703125 0.05234375 0.03046875
45 0.2859375 0.40390625 0.05703125 0.034375
45 0.228125 0.40078125 0.0421875 0.0375
33 0.221875 0.528125 0.16171875 0.0734375
8 0.30625 0.5359375 0.04140625 0.03203125
8 0.178125 0.56015625 0.03828125 0.03203125
68 0.80234375 0.446875 0.11171875 0.05
68 0.78984375 0.4203125 0.1296875 0.08046875
45 0.721875 0.39296875 0.059375 0.03125
50 0.76484375 0.37265625 0.23359375 0.134375
34 0.7625 0.353125 0.1421875 0.05078125