14 0.8734375 0.88203125 0.17890625 0.14453125
76 0.684375 0.89375 0.17109375 0.12109375
48 0.496875 0.89296875 0.16328125 0.11953125
72 0.3109375 0.89296875 0.16484375 0.11953125
81 0.0953125 0.94375 0.11640625 0.0890625
33 0.23203125 0.4890625 0.15703125 0.0671875
8 0.20703125 0.53515625 0.04453125 0.0375
8 0.25859375 0.53046875 0.053125 0.034375
57 0.80859375 0.48828125 0.15078125 0.06484375
68 0.809375 0.53046875 0.10703125 0.05703125
45 0.78828125 0.4125 0.059375 0.03203125
45 0.72890625 0.39140625 0.059375 0.034375
45 0.7828125 0.3875 0.05234375 0.02890625
45 0.21328125 0.3328125 0.05234375 0.03984375
45 0.24296875 0.36328125 0.04296875 0.03125
34 0.76171875 0.35625 0.14140625 0.0671875
34 0.92578125 0.4078125 0.09375 0.03046875