29 0.77421875 0.10234375 0.12734375 0.06875
91 0.64375 0.10625 0.1109375 0.0640625
84 0.91015625 0.10546875 0.1125 0.065625
69 0.0484375 0.02734375 0.0640625 0.0375
24 0.23515625 0.0265625 0.29609375 0.04140625
24 0.5421875 0.02578125 0.3140625 0.040625
22 0.84375 0.02578125 0.27734375 0.0390625
85 0.790625 0.196875 0.38125 0.1046875
94 0.45 0.21484375 0.23125 0.046875
17 0.50078125 0.6390625 0.3859375 0.128125
89 0.134375 0.8078125 0.225 0.1890625
29 0.38046875 0.81796875 0.22109375 0.16171875
29 0.6265625 0.8171875 0.225 0.16328125
29 0.875 0.8171875 0.22421875 0.16171875
93 0.9125 0.95234375 0.1625 0.0890625
21 0.746875 0.9515625 0.1546875 0.08984375
25 0.25234375 0.9515625 0.15390625 0.090625
88 0.0859375 0.9515625 0.15390625 0.08984375